('D = ', [0.010990623184502732, -0.2443663014824713, -0.0029923274767633015, -0.005501937316778983, 0.0])
('K = ', [691.295324720834, 0.0, 316.20346504694174, 0.0, 689.8181050635978, 222.28481100790358, 0.0, 0.0, 1.0])
('R = ', [1.0, 0.0, 0.0, 0.0, 1.0, 0.0, 0.0, 0.0, 1.0])
('P = ', [683.5736083984375, 0.0, 312.92353790262496, 0.0, 0.0, 686.7364501953125, 220.80200083850286, 0.0, 0.0, 0.0, 1.0, 0.0])


[image]

width
640

height
480

[narrow_stereo]

camera matrix
691.295325 0.000000 316.203465
0.000000 689.818105 222.284811
0.000000 0.000000 1.000000

distortion
0.010991 -0.244366 -0.002992 -0.005502 0.000000

rectification
1.000000 0.000000 0.000000
0.000000 1.000000 0.000000
0.000000 0.000000 1.000000

projection
683.573608 0.000000 312.923538 0.000000
0.000000 686.736450 220.802001 0.000000
0.000000 0.000000 1.000000 0.000000
