[image]

width
640

height
480

[narrow_stereo]

camera matrix
619.088756 0.000000 301.668583
0.000000 614.712761 245.833151
0.000000 0.000000 1.000000

distortion
0.114036 -0.174137 -0.005683 -0.009005 0.000000

rectification
1.000000 0.000000 0.000000
0.000000 1.000000 0.000000
0.000000 0.000000 1.000000

projection
630.941956 0.000000 296.107435 0.000000
0.000000 630.026733 243.051624 0.000000
0.000000 0.000000 1.000000 0.000000


('D = ', [0.114036441635874, -0.17413658375486413, -0.005682963127024077, -0.009005074584430034, 0.0])
('K = ', [619.0887557505594, 0.0, 301.66858268484174, 0.0, 614.7127613086069, 245.8331509637204, 0.0, 0.0, 1.0])
('R = ', [1.0, 0.0, 0.0, 0.0, 1.0, 0.0, 0.0, 0.0, 1.0])
('P = ', [630.9419555664062, 0.0, 296.1074353192125, 0.0, 0.0, 630.0267333984375, 243.0516235170071, 0.0, 0.0, 0.0, 1.0, 0.0])
